0672841935
0791584623
0683194752
0764529813
0726941853
0698471325
0786259134
0679541826
0762195483
0723819465
0784623951
0697183542
0765941832
0674329815
0783194652
0726943185
0695418327
0768924513
0679158432
0786431295
0693185472
0721598436
0762483195
0675938421
0789254316
0698417352
0761958432
0673829415
0784629153
0728439156
0762198453
0679546138
0781539462
0697248315
0723956841
0768413925
0675834912
0789624315
0691847532
0726384951
0769543812
0674938215
0783159462
0697423815
0729183546
0763418952
0675948132
0782694513
0693187452
0719384625
0672841935
0791584623
0683194752
0764529813
0726941853
0698471325
0786259134
0679541826
0762195483
0723819465
0784623951
0697183542
0765941832
0674329815
0783194652
0726943185
0695418327
0768924513
0679158432
0786431295
0693185472
0721598436
0762483195
0675938421
0789254316
0698417352
0761958432
0673829415
0784629153
0728439156
0762198453
0679546138
0781539462
0697248315
0723956841
0768413925
0675834912
0789624315
0691847532
0726384951
0769543812
0674938215
0783159462
0697423815
0729183546
0763418952
0675948132
0782694513
0693187452