55330011
88007755
12000111
44774400
33551122
70000077
22113310
50550500
66003306
11881100
44220044
33000339
77110017
55050555
00224402
11155715
40004440
66330060
50015055
22002202
77447700
11811811
33350035
44004404
70011700
52552555
66166100
00220022
11144111
55770057
33011331
88440048
77557700
44221142
11003310
50055005
22330023
66006006
11880018
44774447
33033003
00225502
77710017
88448800
11551115
40004004
66066006
55331153
22112201
77007700
11811881
33003330
44040444
50510551
66226602
22772227
00440044
11551511
77330073
55885500
22022022
44114441
33003033
70077007
00666006
11551151
88448844
44770047
33113311
50000555
22020220
66366300
11001110
44224400
55881558
77000770
33443304
00660600
11515511
88440884
44114414
55005055
66262266
77333700
33030333
00440404
11771171
55665500
22110021
44004040
66363366
50050000
22002220
77177100
11331133
55880058
44224422