5829741036
9401756283
3174928650
7281059436
1597842036
8042916753
2639581470
7194028536
5068371294
3827150946
6904281573
5719842036
8420675913
2195738640
7639204815
4058173926
9516302478
8267491035
1349658207
5782019364
6901748532
4027583169
7850936142
9135860427
2648075913
8074912365
5319684720
4962038571
7205198436
1586204793
9427835106
6801294573
5379061428
8014752963
2168409573
7694523081
3458710926
9821406753
1507984263
8742035196
6039857142
7491285036
2189574036
9657842103
4715038629
5209684713
8396172054
7063421859
3915267480
1487395026
6578024193
9042138756
5129647830
7830519642
6429835107
2075169483
3982467501
8654701923
5739206814
9142685370
6807542913
2549073168
7093826514
8412650937
1953708462
3604281759
5827031946
9037184625
4372695810
6215873409
8749162350
7024589163
5684913702
9351726084
2198457063
7803619425
4069125873
1592840673
8973156204
3647508192
5482136790
7208964153
6320715948
9051468273
4718205369
5839627401
8604752193
2946108357
7315082946
5027493816
8461509732
3197840652
6784021359
9275168043
1503267849
7846503921
4932871506
6289715403