3928475
1059834
9275401
6832149
5709183
8142096
2365497
9517204
4705861
8031927
6248709
1594378
7058219
9481630
2139758
8674023
5397618
4205987
7916384
6587042
3048957
9801436
5729610
8462309
2104739
3957806
7641208
7482051
5029873
6893142
8307561
1478290
9760542
5314867
4207369
8154920
2698451
7039158
9587214
6423097
3174085
7092648
5821479
4960831
1287539
9706245
5438176
8013694
2659470
7398106
1845267
6502719
9035482
7241960
5187043
4809531
3962815
2097486
8750364
6019472
7528049
8346712
4905281
9673104
2315478
8597621
1209847
6435108
5782401
9043765
3168924
7854092
2587190
6901843
4723958
8197402
5376218
1652309
9084751
2846197
7462035
3205974
5914628
8034179
2647093
9758406
7085162
4509827
3691408
8276513
5149037
6824571
7409182
5963074
4218759
7482051