2875634927
3957268459
8642975438
5794682375
6328574926
7483926754
9537468297
2789346758
6942857369
8573629478
3627548963
9458732659
7385624987
5968473285
8745296738
2594683746
4682975384
7839456287
9276853749
6547839276
3829475683
8756342987
7649583276
5937824659
8463752894
9284765839
4738569274
7926385479
5684938726
7386295487
6597842376
3825764983
9478627359
8759346728
5269873495
6947538629
8364579283
7586924837
2437698542
9674285739
6928547396
8753269478
5368297645
7649532847
9485768239
5873629487
3698746523
9425783649
8534967827
6285739648
7948657329
5238694786
8745329678
9674236589
4368975284
7298645837
5827394685
8967453289
7439685274
6598729436
8374652897
5283769458
9765438279
4697852367
3826954783
7589364827
6948573296
8632795478
9475683729
5768924837
8237469584
6942875639
7385462798
6579284736
9847532689
5236489758
7685924836
8396742587
6927854369
8752947638
5469378254
7938642579
6825794368
9457268739
8974653287
6734298756
7468532976
9687435829
4829673548
7658293476
9546783279
8239475683
6784539276
9473857629
8654973286
7396852473
6948725368
5874392685
8739564278