223456
334789
556789
667892
778234
889345
992134
224578
335678
446789
557892
668234
779345
882134
993245
225678
336789
447892
558234
669345
772134
883245
994567
226789
337892
448234
559345
661234
773245
884567
995678
227892
338234
449345
551234
662345
774567
885678
996789
228234
339345
440567
552678
663789
775678
886789
997892
229345
330567
441678
553789
664567
776789
887892
998234
223567
334678
445789
556678
667789
778892
889234
992345
224678
335789
446678
557789
668892
779234
882345
993456
225789
336678
447789
558892
669234
772345
883456
994567
226678
337789
448892
559234
661345
773456
884567
995678
227789
338892
449234
551345
662456
774678
885789
996789
228678
339789
440892
552234
663345
775456
886567
997678