4829157
9304712
1578429
6042891
7185304
2957468
8401593
5736028
1298754
4682309
7521940
9037184
2165498
6814275
5940831
7405162
3279584
8593417
4126705
9365281
5082973
2749156
6934801
8457219
1205834
9671420
5317984
4082569
7821493
6590731
1946238
8037514
2374908
5618429
9182573
4793610
6305947
2851079
7549261
9024683
1468759
8732045
5209867
3497182
6875301
9152648
4089735
2634819
5718904
8342079
7925160
1508476
9264038
3647951
8075219
2386104
6709432
1958670
4823607
9187452
5408129
7049531
1382076
8651940
9216783
4572039
6895142
3108765
5749280
8436179
2694051
9567218
1375940
7208654
4893702
8619473
2536094
6974128
1409586
9348207
5086741
3761950
8254309
4917682
2035897
7689421
6578014
9403568
3812947
7164082
2548973
8796130
6032847
4921508
8157294
2603479