58374
94726
81659
47293
39578
68427
73984
25869
93674
47825
82579
63948
27486
59238
86479
73592
24897
39572
68493
97524
42698
73845
95784
68293
27495
83672
29574
47689
83952
62748
25897
96472
73584
24896
57938
68492
94758
82569
47398
69274
58249
73956
86429
29748
25894
37495
82694
95782
47629
78954
96428
58379
24786
63958
82574
97483
46295
73849
59268
82673
37498
95682
64839
73594
29487
82659
57942
46378
98275
75948
86432
29378
52764
84693
73825
69574
29486
87352
95843
76934
48275
63984
82574
97432
57869
26895
73942
84673
59274
92785
68495
75849
83692
49578
76284
58943
84725
69384
57298
84963