58371
94726
81659
47293
39517
68421
71934
25864
93617
47182
82579
63941
17486
59238
86471
71359
24896
39572
68413
91752
42689
73815
95174
68239
17495
83627
29574
47168
83952
62741
15879
96427
73581
24897
57936
68142
94753
82561
47398
61927
58214
73956
86421
19743
25869
37415
82694
95178
40762
71859
96412
58379
24786
63951
81527
97438
46295
73814
59126
82671
37498
95162
64823
73519
29487
81653
57924
46371
98275
71549
86423
19378
52764
84691
73825
61579
29486
87351
95842
71693
48257
63918
82574
97431
51786
26895
73914
84627
59173
92758