123456
234567
345678
456789
567890
678901
789012
890123
901234
012345
135790
246801
357912
468023
579134
680245
791356
802467
913578
024689
987654
876543
765432
654321
543210
432109
321098
210987
109876
098765
112233
223344
334455
445566
556677
667788
778899
889900
990011
001122
147036
258147
369258
470369
581470
692581
703692
814703
925814
036925
567891
678912
789123
891234
912345
123456
234567
345678
456789
567890
024681
135792
246803
357914
468025
579136
680247
791358
802469
913570
998877
887766
776655
665544
554433
443322
332211
221100
110099
009988
159260
260371
371482
482593
593604
604715
715826
826937
937048
048159
224466
335577
446688
557799
668800
779911
880022
991133
002244
113355