162771992
32894050270
20792472009
267356783344
2234355666
12349943994
36855254788
4754463546
745363994
567354756830
7863525445
1234567
3547282
4758644
46566544
485857465455356778
45885755563763
498585756648
485757674889
3930200058743
4857453564
46347642629
7781982924984
7489498149812489
874287482498298
7837187499
4988498409
1414124
480929009
49353930292
83259393595380523
3849349239
387283892
84398249829849238
842284994390284894
2498493028042903890
4894398490248904892
943839980349083
93443984394398
4884733
567892445
37374778737
382935556
8474738923929
38474378390
4746738392
74637889922
47576577474747
43945893494
54890344858